0.203030434943
0.231462533166
0.234205599334
0.237732398649
0.243653938279
0.24182522755
0.248051552222
0.248356337338
0.2494448557
0.252797492038
0.253189358635
0.253711847446
0.258022379926
0.261679801467
0.261766882938
0.259459224052
0.267296555918
0.267383637341
0.272216658692
0.278486524115
0.287455915023
0.290808551485
0.303087037915
0.310750206785
0.31527844295
0.321199982591
0.330866025144
0.335394261274
0.342360778498
0.345756955575
0.349719162261
0.35411677621
0.354813427946
0.356555057264
0.361867026564
0.364827796411
0.364305307623
0.372708668981
0.375712979518
0.370270387921
0.3781512605
0.376540253415
0.380850785853
0.381503896903
0.389079984345
0.38685940696
0.388992902887
0.39391300556
0.39426133146
0.396264205148
0.393521139028
0.397701049281
0.399965167357
0.402621152061
0.406931684582
0.40471110729
0.408281447267
0.406801062438
0.414202986837
0.413854661068
0.416902512291
0.417425001114
0.418818304545
0.417425001061
0.416989593749
0.421735533606
0.420647015345
0.421213044829
0.423215918453
0.426046066033
0.427265206538
0.428092480482
0.429311621018
0.435320241988
0.431967605633
0.435320242089
0.435189619869
0.440022641165
0.435886271603
0.441415944571
0.439108285786
0.442548003637
0.443810684833
0.440414507715
0.446205425136
0.44751164719
0.448513084016
0.443418818349
0.449514520825
0.450298254061
0.452083424059
0.450777202052
0.452475290697
0.45521835683
0.457482474876
0.454129838478
0.456524578758
0.457526015602
0.457308311958
0.455697304725
0.461618844408
0.458745156149
0.46375234031
0.467888709837
0.466669569403
0.467279139596
0.465145643807
0.466321243538
0.468367657905
0.467932250593
0.468541820894
0.472504027497
0.470065746538
0.474898767795
0.471197805526
0.469064309659
0.476074367449
0.476596856338
0.480210737094
0.478556189276
0.477337048782
0.47920930025
0.480341359261
0.47598728615
0.485043758385
0.482213610812
0.482605477463
0.482387773718
0.485261462071
0.484826054724
0.484738973247
0.484042321583
0.486698306328
0.489267209507
0.487612661744
0.490138024096
0.487656202375
0.490965297974
0.490878216533
0.49301171243
0.489876779665
0.4953629119
0.495841860057
0.496364348869
0.495145208441
0.496103104553
0.493360038289
0.497801193115
0.497365785672
0.502547132834
0.499804066767
0.500195933328
0.49758348925
0.502111725605
0.505551443331
0.499673444463
0.501240910833
0.501110288719
0.501763399658
0.503635651172
0.508425131708
0.506030391327
0.507293072667
0.507815561432
0.510558627581
0.507336613423
0.50947010929
0.511385901449
0.506901206028
0.510253842467
0.50672704314
0.514738537916
0.506988287527
0.514738537881
0.511255279316
0.515391648867
0.514912700728
0.511647145926
0.514694997209
0.519005529652
0.515522271034
0.517481604085
0.514607915726
0.516175382031
0.517612226235
0.516610789384
0.523577306485
0.523707928806
0.524012713951
0.522445247568
0.519963425806
0.523664387996
0.520703618292
0.52483998777
0.52383855092
0.524883528497
0.525362476576
0.527017024341
0.52710410593
0.52357730652
0.526494535617
0.527017024465
0.526102669068
0.528105542714
0.526450994885
0.524404580464
0.528845735177
0.530805068079
0.5331998084
0.529455305537
0.53655244475
0.531196934694
0.530543823768
0.531588801261
0.534244785893
0.53045674228
0.534375408185
0.534027082333
0.534375408174
0.536987852032
0.538990725856
0.535638089365
0.534810815474
0.536770148466
0.533243349169
0.534201245244
0.536726607762
0.538816562869
0.542735228845
0.535986415271
0.538990725803
0.538163451888
0.541864414175
0.537162015086
0.539730918265
0.53973091829
0.541298384636
0.541820873365
0.539208429483
0.543780206357
0.547873035245
0.538598859189
0.547437627857
0.545652457848
0.544476858122
0.544476858062
0.548264901855
0.54247398441
0.544868724671
0.545783080045
0.547307005844
0.546044324362
0.548395523969
0.548308442539
0.551661078937
0.550746723659
0.549396960854
0.549092175627
0.548003657401
0.551486916067
0.551486915989
0.553272086011
0.553272086034
0.552662515822
0.549962990416
0.553620411952
0.555710367009
0.556189315
0.554186441312
0.557626159334
0.554796011607
0.555579744825
0.552140027034
0.557930944497
0.552575434376
0.557800322134
0.556537640877
0.557364914805
0.556711803991
0.560761092017
0.556276396525
0.561327121579
0.559237166325
0.555492663324
0.557495537013
0.556015152149
0.559716114441
0.559106544128
0.564897461548
0.55758261856
0.562067313928
0.56211085472
0.566856794547
0.563678321025
0.559324247836
0.560456306813
0.564984543019
0.564374972826
0.565332868795
0.566377846448
0.562197936167
0.565115165216
0.563808943222
0.565071624401
0.56581181697
0.568380720179
0.56968694209
0.567553446181
0.567814690617
0.569904645746
0.567945312796
0.566682631516
0.570514216005
0.57138503067
0.57073191969
0.570340052974
0.571515652873
0.569382157065
0.571776897363
0.572952496988
0.57373623014
0.573649148729
0.570557756743
0.575173074432
0.575347237379
0.573387904483
0.573083119214
0.571951060196
0.575085992902
0.5774807332
0.576479296421
0.5756520224
0.572081682305
0.574781207823
0.574911830014
0.574955370806
0.576435755647
0.574519963423
0.578264466382
0.576740540708
0.579135281053
0.577175948138
0.576871162965
0.577611355439
0.578917577331
0.579440066037
0.580223799398
0.575869726067
0.583489354229
0.579483606805
0.579962554986
0.582923324744
0.578177384959
0.580093177248
0.579962555009
0.581965428674
0.582052510056
0.582923324827
0.584098924601
0.582705621064
0.583402272824
0.581834806417
0.579135281035
0.583445813533
0.588757782844
0.579657769901
0.585579309358
0.582792702469
0.586493664796
0.581704184244
0.585753472394
0.586841990615
0.585753472311
0.585100361284
0.585666390948
0.588496538449
0.591457308309
0.590281708531
0.587451560831
0.591631471322
0.588627160641
0.587320938777
0.590368789941
0.589889842004
0.589889841945
0.586798449841
0.592023337801
0.591718552644
0.593373100491
0.587625723862
0.591196063856
0.591892715693
0.593939129952
0.591718552709
0.596333870356
0.592850611846
0.594243915157
0.589497975312
0.59615970738
0.597596551626
0.59624678891
0.593852048571
0.59707406276
0.591196063892
0.595985544373
0.594897026124
0.595332433567
0.599947751077
0.597291766445
0.596943440521
0.599555884623
0.596899899711
0.597901336776
0.59737884785
0.599294640127
0.601645839579
0.598423825546
0.596899899849
0.598293203349
0.601123350905
0.600949187921
0.598510906951
0.60016545478
0.596856359062
0.602864980163
0.600339617847
0.603300387445
0.599425262473
0.602298950606
0.597944877389
0.603648713447
0.60238603219
0.602473113572
0.606043453607
0.605651587075
0.603692254036
0.605390342681
0.605042016947
0.605042016698
0.602777898698
0.605999912911
0.604824313184
0.608046327337
0.608438193904
0.604258283681
0.604345365063
0.608089868074
0.60782862367
0.61057168985
0.613227674422
0.608830060496
0.606086994381
0.605825750046
0.609221927152
0.611268341549
0.608307571648
0.611834370968
0.608960682675
0.611573126657
0.611311882217
0.609134845498
0.607654460686
0.611355423032
0.612313319006
0.611660208182
0.608830060537
0.610528149159
0.611181260061
0.613271215196
0.611094178703
0.610179823282
0.61022336389
0.613924326259
0.61344537825
0.613880785532
0.616144903614
0.616580310979
0.616710933075
0.612879348563
0.612879348527
0.610005660329
0.613314755887
0.614316192814
0.616493229395
0.62197936175
0.612835807997
0.619062132677
0.619758784312
0.617102799666
0.615883659179
0.618931510462
0.61527408886
0.617102799602
0.617451125544
0.617581747741
0.618365480964
0.620716680429
0.618931510462
0.617930073581
0.620586058273
0.622545391193
0.618017154999
0.619018591849
0.619279836344
0.618757347532
0.618670265966
0.620586058309
0.624112857474
0.619410458458
0.620803761893
0.622980798534
0.622153524613
0.621892280137
0.62215352456
0.621674576481
0.627117168168
0.624461183411
0.623764531735
0.626943005197
0.62315496144
0.62598510902
0.623503287382
0.624287020565
0.626115731158
0.621979361625
0.627813819719
0.627900901249
0.626246353557
0.62406931688
0.627117168043
0.629903774914
0.626464057183
0.625419079505
0.628031523464
0.628597552985
0.626507597855
0.626376975694
0.626812382982
0.627160708776
0.626638220047
0.630295641565
0.628728175164
0.628597553008
0.630121478576
0.628336308757
0.628205686376
0.63347411511
0.630034397171
0.630774589579
0.630948752597
0.633387033604
0.631079374729
0.629598989852
0.633909522254
0.630905211782
0.635128662838
0.630992293347
0.634344929619
0.633648278057
0.632821004042
0.633953063023
0.633343492747
0.637958810524
0.636130099765
0.634693255533
0.634432011079
0.636565506928
0.638873165839
0.63652196631
0.635346366505
0.635825314675
0.63399660388
0.633125789233
0.633909522314
0.637523403136
0.63599947749
0.634910959195
0.639656899081
0.639177950906
0.637305699539
0.641050202444
0.641877476377
0.641311446814
0.637349240313
0.640266469251
0.63939565465
0.64100666167
0.639526276723
0.638960247345
0.64009230629
0.644533461128
0.639439195323
0.64244350591
0.642791831644
0.644272216752
0.64462054245
0.643183698402
0.646666956995
0.640658335728
0.642965994768
0.641921017163
0.639656899026
0.643488483492
0.644707624016
0.641354987547
0.646710497645
0.645143031321
0.643140157675
0.644141594477
0.644577001837
0.643967431566
0.642922453847
0.650890407987
0.646362171809
0.645534897853
0.648582749141
0.648974615805
0.647450690178
0.64348848351
0.647320067856
0.64910523796
0.64440283883
0.645796142265
0.644446379586
0.64849566763
0.651848303943
0.650324378531
0.649192319371
0.648365045433
0.648713371411
0.652762659496
0.649018156501
0.647624852988
0.650367919121
0.648060260353
0.65293682233
0.65210954842
0.652849740824
0.651325815316
0.652675578024
0.655505725617
0.649322941687
0.654112422103
0.651021030083
0.653807636935
0.65642008096
0.651587059645
0.6512822745
0.652719118686
0.655505725586
0.654025340763
0.654896155405
0.659946880239
0.655854051457
0.652457874339
0.655897592291
0.659729176642
0.657944006514
0.658074628766
0.653764096263
0.652370792768
0.658466495381
0.655636347759
0.661427265139
0.658684199042
0.661296643103
0.658205250986
0.656289458763
0.66003396181
0.658248791838
0.661122480096
0.658727739692
0.659076065509
0.65655070324
0.659772717429
0.660687072832
0.660469368986
0.657769843681
0.656899029057
0.665520094045
0.661340183734
0.662646405728
0.661644968967
0.660121043246
0.662036835351
0.658161710314
0.665868419964
0.666739234523
0.662733487188
0.66534593101
0.664692820107
0.669482300685
0.667305264108
0.665868419922
0.66329951669
0.661122480036
0.668698567525
0.663386598155
0.660687072731
0.667044019654
0.662602864871
0.666477990092
0.663734924037
0.669438759892
0.665781338476
0.663604301715
0.668437323126
0.669656463679
0.663081813075
0.669264597088
0.668567945305
0.662080376166
0.670614359708
0.667261723376
0.665389471825
0.669003352693
0.665389471825
0.669656463655
0.66804545641
0.675142595914
0.67087560406
0.675534462417
0.669961248764
0.671659337344
0.674271781244
0.670483737469
0.668524404555
0.667871293593
0.670266033766
0.672747855546
0.674315322017
0.673270344399
0.670570819058
0.672834937136
0.669351678506
0.678800017473
0.676274654955
0.673226803768
0.675011973717
0.671311011342
0.674358862726
0.676318195646
0.674533025638
0.673662210931
0.676710062279
0.672747855635
0.679235424672
0.67801628419
0.676971306673
0.67866939523
0.674881351473
0.674924892252
0.681891409507
0.679627291305
0.677929202826
0.679801454359
0.676971306548
0.677276091776
0.680280402277
0.679453128394
0.679801454276
0.676492358539
0.676405277129
0.68045456522
0.678451691568
0.678103365631
0.679148343332
0.682675142588
0.682588061082
0.675099055182
0.686637349214
0.682370357402
0.680411024506
0.682022031631
0.68128183914
0.678669395193
0.677667958391
0.682283275937
0.682762224066
0.683371794288
0.682718683344
0.684765097723
0.685287586571
0.682544520456
0.687377541724
0.686201941927
0.68197849087
0.681673705721
0.683371794269
0.685069882969
0.684416771781
0.683545957259
0.688466059968
0.684634475562
0.688814385993
0.686332564064
0.688204815538
0.692515348046
0.688204815621
0.689859363445
0.688422519365
0.687377541659
0.690817259598
0.689380415311
0.686593808523
0.687072756556
0.686985675151
0.68807419334
0.685940697414
0.690033526338
0.690164148512
0.691078503951
0.689119171042
0.690643096752
0.692167022343
0.691600992698
0.692994296216
0.691122044683
0.689336874703
0.685766534627
0.693037837031
0.692733051702
0.691296207618
0.688553141391
0.696259851028
0.691339748428
0.685548830947
0.694735925432
0.695519658532
0.694910088486
0.696956502819
0.694431140366
0.691905777847
0.695955065938
0.689554578324
0.695345495602
0.693211999878
0.694082814525
0.693734488624
0.697391910179
0.695650280807
0.696303391815
0.695955065938
0.694823006975
0.698654591303
0.694735925427
0.700265598483
0.696390473238
0.698132102634
0.70104933166
0.700613924254
0.695780903087
0.697609613768
0.696956502795
0.700875168689
0.701179953821
0.697000043634
0.702442634999
0.702137850029
0.705490486319
0.702050768587
0.700309139252
0.70048330202
0.702834501692
0.697914398889
0.697174206439
0.699960813328
0.700570383687
0.701615361163
0.70431488655
0.697740235882
0.699656028105
0.703356990457
0.705577567706
0.705621108516
0.705229242008
0.705272782657
0.706883789778
0.705882353035
0.706100056637
0.701571820412
0.709757478131
0.703095746044
0.705969434434
0.699873731767
0.703226368361
0.704793834684
0.703269908987
0.707754604443
0.711847433326
0.709147907754
0.702312013023
0.703269908987
0.703182827468
0.704097182847
0.705751730838
0.709670396529
0.706143597328
0.71149910749
0.708756041245
0.709757478113
0.709060826497
0.711586188849
0.707928767211
0.704445508742
0.708015848736
0.710584751927
0.707928767294
0.712239299958
0.713937388414
0.711716811022
0.70797230811
0.706491923246
0.711934514731
0.711237863031
0.710149344681
0.713937388442
0.712021596177
0.709234989325
0.714285714278
0.713458440423
0.714285714236
0.711673270355
0.714198632878
0.711803892516
0.715200069764
0.712065137029
0.715679017755
0.712674707157
0.715025906705
0.716114425055
0.716114424977
0.71493882524
0.71850916521
0.715417773236
0.7162015064
0.715243610408
0.720337876034
0.709975181715
0.71968476509
0.71445987735
0.714764662292
0.715374232527
0.718117298577
0.717594809997
0.719815387227
0.718901031889
0.719510602101
0.718335002387
0.71907519492
0.72086036484
0.720816824196
0.718857491235
0.714808203048
0.721948883131
0.721034527692
0.723037401486
0.720337876057
0.722601994217
0.719336439332
0.71946706147
0.72081682409
0.718073757998
0.721426394402
0.721731179505
0.722340749865
0.725824008334
0.726477119332
0.72591108971
0.724038838261
0.72369051236
0.721818260952
0.721426394241
0.723516349496
0.721731179534
0.722427831247
0.724648408555
0.72303740144
0.724430704875
0.72395175692
0.726738363648
0.722427831288
0.721992423863
0.730178081588
0.729307266917
0.726956067328
0.72508381592
0.726433578582
0.727565637664
0.725693386196
0.724691949246
0.727652719189
0.729524970543
0.725519223327
0.728479993044
0.730003918759
0.728871859677
0.728567074472
0.731135977741
0.731658466464
0.731266599795
0.728958941183
0.729524970454
0.728044585697
0.729437889031
0.730657029708
0.729176644785
0.733835503064
0.729655592859
0.731440762761
0.728741237415
0.731571385077
0.732616362558
0.73392258451
0.73261636254
0.731658466488
0.729394348423
0.730221622421
0.730482866673
0.733574258854
0.732703444082
0.731832629394
0.732311577533
0.734924021308
0.734096747416
0.734619236264
0.736578569322
0.734532154763
0.733095310715
0.735098184344
0.735272347328
0.734357991912
0.736535028654
0.735664213841
0.733835503082
0.732137414603
0.734053206707
0.735402969434
0.73727522086
0.736317324904
0.737318761676
0.737144598783
0.736709191482
0.737362302361
0.739452257579
0.737928331827
0.735664213799
0.736709191477
0.738189576341
0.737362302444
0.733922584547
0.738450820753
0.73958287973
0.742630731041
0.740889101742
0.740279531499
0.737405843135
0.743675708594
0.741803457103
0.742848434638
0.739278094691
0.743458004891
0.745243174923
0.735751295365
0.741019723985
0.742151782944
0.744154656733
0.73727522086
0.745547960002
0.74184699796
0.740627857246
0.74328384192
0.746941263498
0.740061827791
0.74502547138
0.746723559776
0.745243175001
0.745635041568
0.743545086379
0.74406757525
0.747463752351
0.746941263544
0.749205381681
0.745504419317
0.743806330828
0.746288152499
0.744459441777
0.746897722807
0.745112552785
0.746723559812
0.745025471219
0.748726433571
0.747333130154
0.746592937639
0.746854182061
0.750250359221
0.746288152536
0.74267427175
0.75077284801
0.747899159638
0.747550833756
0.747507293083
0.745286715816
0.751469499727
0.748247485528
0.752862803222
0.750032655596
0.749945574053
0.753341751242
0.747202507975
0.750076196287
0.75503983978
0.750511603699
0.750947010874
0.755475247003
0.754560891725
0.752035529225
0.753124047456
0.7544738102
0.752514477185
0.754778595386
0.752122610671
0.750642225771
0.752209692219
0.754212565907
0.752601558727
0.754256106557
0.752601558686
0.752906343771
0.75673792842
0.753907780721
0.754952758316
0.756128358095
0.754996298947
0.754038402996
0.751643662662
0.752340314333
0.75921975017
0.755301084068
0.757303957738
0.756912091207
0.757260417006
0.758348935439
0.758087691004
0.757521661543
0.754735054594
0.756955631963
0.757739365163
0.757042713344
0.759916401804
0.760482431307
0.759524535213
0.761092001495
0.75699917282
0.759829320257
0.761092001601
0.757695824579
0.758000609658
0.752296773559
0.756781469057
0.758827883418
0.762311141983
0.760743675677
0.765010667448
0.76187573476
0.760874297916
0.763922149121
0.75995994243
0.761962816225
0.766578133777
0.764009230563
0.760003483227
0.761135542144
0.765271911967
0.759350372201
0.761222623816
0.760221186811
0.768363303757
0.764792963805
0.767187704025
0.762746549431
0.760221186926
0.763094875225
0.764880045168
0.763399660268
0.76353028259
0.761483868063
0.767187704126
0.76509774889
0.76744894846
0.766534593081
0.762398223465
0.765794400649
0.767100622619
0.765620237623
0.769234118445
0.768581007465
0.7691470371
0.761701571813
0.768363303886
0.770845125625
0.768581007626
0.76649105239
0.766665215319
0.764792963787
0.769930770228
0.765010667573
0.771411155063
0.767187704025
0.768755170454
0.770670962654
0.767318326258
0.771672399457
0.773283406554
0.769756607215
0.771019288472
0.767884355784
0.77389297689
0.769800148031
0.768842251854
0.774720250763
0.772847999277
0.769582444387
0.76818914103
0.770279095939
0.775155658004
0.774154221183
0.772499673413
0.775678146875
0.773152784357
0.775721687649
0.772325510562
0.779683894288
0.772369051336
0.771890103202
0.775982931937
0.772194888406
0.778943701885
0.77249967345
0.775199198819
0.780337005219
0.775025035807
0.777637479868
0.773109243786
0.77837767224
0.771585317951
0.774459006369
0.778987242493
0.77589585056
0.777071450305
0.776940828114
0.771628858766
0.774110680552
0.772064266108
0.773892976807
0.774023599129
0.775591065374
0.776331257902
0.777506857676
0.779292027637
0.781294901367
0.779422649775
0.777811642839
0.778551835335
0.777158531835
0.777550398367
0.779292027583
0.780903034859
0.776810205958
0.780380545988
0.781294901308
0.780424086744
0.785692515358
0.778290590793
0.779814516527
0.780162842308
0.783559019509
0.783646100813
0.78368964173
0.782514041873
0.779422649876
0.784212130412
0.786911655906
0.782426960372
0.779901597872
0.783733182439
0.784473374853
0.780554708941
0.783341315811
0.785039404332
0.781556145761
0.784734619325
0.782905908446
0.785518352548
0.77890016107
0.782339878944
0.788348499949
0.787826011285
0.785736055925
0.782862367792
0.782470501123
0.787869551893
0.788958070262
0.785648974543
0.784255671191
0.785431271042
0.785082945064
0.787216440968
0.789219314697
0.787347063313
0.788304959235
0.787259981682
0.79200592155
0.789480558996
0.786345626427
0.788217877835
0.790525536691
0.789915966278
0.790830321776
0.784603996925
0.791004484623
0.792571951029
0.788043714781
0.790786781049
0.788696825891
0.789175773882
0.791483432637
0.789045151579
0.788783907434
0.787085818752
0.791004484784
0.788522662897
0.786955196638
0.794705446914
0.792789654792
0.791788217764
0.794574824878
0.795140854357
0.791265729058
0.786127922659
0.794400661705
0.788348500032
0.792310706552
0.790612618109
0.793268602747
0.791483432803
0.791831758662
0.79261549172
0.791004484747
0.796359994767
0.793878173101
0.79592458748
0.794182958168
0.797230809326
0.794139417394
0.797535594494
0.792833195423
0.795053772815
0.798754735101
0.795271476394
0.798841816429
0.798928897971
0.797709757507
0.795271476352
0.793834632286
0.790699699556
0.795445639448
0.79949492739
0.8017155048
0.795968128148
0.798058083228
0.79927722383
0.798232246212
0.800757608652
0.796664779787
0.80067052733
0.796359994785
0.79740497244
0.800496364437
0.799015979329
0.800191579269
0.802673400806
0.801541341811
0.797753298174
0.800104497685
0.802150912225
0.799146601615
0.799582008855
0.799407845962
0.797622675858
0.802325075071
0.804066704246
0.801236556685
0.802281534445
0.802586319471
0.806069578119
0.807767666681
0.801628423359
0.802804023127
0.800191579132
0.802237993607
0.799103060924
0.80040928283
0.804066704371
0.804719815392
0.80276048252
0.805677711426
0.802281534326
0.8039796228
0.803718378595
0.804545652302
0.801933208444
0.804502111689
0.804327948723
0.805634170777
0.803413593385
0.806722689021
0.803631297107
0.806940392623
0.808551399863
0.805808333582
0.805242304181
0.807506422144
0.810684895606
0.808856185013
0.808812644257
0.810380110562
0.804066704371
0.804676274476
0.805764792868
0.808333696219
0.80611311875
0.810380110599
0.804893978363
0.810293029157
0.805111681947
0.809683458886
0.811294465835
0.805416467152
0.807985370283
0.807767666579
0.812949013766
0.810423651331
0.81142508818
0.808115992438
0.812644228645
0.811207384602
0.81190403619
0.812774850777
0.810380110557
0.813863369026
0.812470065835
0.810597814266
0.811947576969
0.810423651253
0.81277485086
0.814385857892
0.813950450509
0.811991117636
0.810249488282
0.81264422864
0.814777724631
0.810771977314
0.811076762399
0.814690643167
0.814081072813
0.811642791718
0.811773413974
0.816780598177
0.812774850883
0.811816954766
0.816693516694
0.815648539219
0.815213131973
0.81551791704
0.814603561642
0.818130361041
0.81477772459
0.815213131913
0.812731310229
0.815300213318
0.818173901631
0.81569207991
0.813950450735
0.815692079975
0.814472939321
0.813297339648
0.817782035081
0.815779161452
0.819218879189
0.821961945369
0.815474376308
0.817303086978
0.816127487251
0.818435145965
0.816475813128
0.818696390419
0.819436582851
0.818957634914
0.822136108298
0.816432272401
0.820612182827
0.819131797825
0.819305960773
0.819305960713
0.82313754522
0.823529411752
0.816911220309
0.817303087043
0.81904471642
0.823311707989
0.817999738683
0.818739931211
0.824705011525
0.819218879147
0.819697827281
0.818739931104
0.821526538022
0.818739931091
0.824008359748
0.820350938272
0.821265293545
0.82143945664
0.82444376709
0.819610745803
0.822223189698
0.82566290766
0.823355248822
0.826228937158
0.820176775259
0.822527974884
0.820307397516
0.821352375194
0.821613619468
0.823834196777
0.824095441374
0.820612182666
0.821961945286
0.82226673049
0.827883485047
0.82383419692
0.823572952424
0.826620803689
0.825009796753
0.823094004535
0.821482997432
0.825488744767
0.824705011585
0.827839944154
0.829668655037
0.823355248804
0.823877737712
0.828449514526
0.827273914734
0.827012670441
0.827056211072
0.829233247672
0.830321766041
0.827317455402
0.83241172117
0.830539469513
0.827056211013
0.824530848578
0.8254016631
0.827273914794
0.829276788321
0.826359559373
0.829538032793
0.827491618456
0.82644664082
0.828101188649
0.830974876943
0.833761483666
0.827578699837
0.827665781284
0.828144729441
0.829146166309
0.828754299616
0.825227500295
0.832498802557
0.828667218211
0.833064832197
0.830104062296
0.828928462463
0.834066269041
0.829450951209
0.832498802617
0.832890669102
0.833761483873
0.830234684576
0.831410284368
0.833805024523
0.832063395293
0.83236818048
0.829842817925
0.835982061223
0.833413157931
0.834283972662
0.834283972745
0.836983498151
0.832672965648
0.837114120228
0.835503113048
0.835894979759
0.828493055181
0.832281098978
0.834937083772
0.834022728226
0.835198328023
0.838899290374
0.834458135531
0.834719379949
0.834719379949
0.835894979717
0.834153350304
0.83101841768
0.838289719973
0.832194017467
0.837027038842
0.833892106153
0.83672225359
0.835938520289
0.838333260812
0.837114120348
0.833761483897
0.838463882968
0.833413157937
0.83458875777
0.837680149744
0.834980624338
0.840815082538
0.836504550053
0.838725127344
0.837767231232
0.836156224093
0.835154787309
0.838768668053
0.842513171077
0.842600252565
0.838072016252
0.839073453203
0.840989245444
0.839857186385
0.84329690414
0.84029259369
0.841555274965
0.840902163938
0.843558148658
0.842034223003
0.839770104796
0.844820829933
0.842861496876
0.843340445075
0.841163408415
0.839204075293
0.838986371613
0.839421779043
0.838072016257
0.840118430779
0.844341881776
0.835677276138
0.83807201646
0.844820829809
0.840423215846
0.843122741187
0.843340444908
0.84238254888
0.846649540549
0.838333260752
0.846127051761
0.846649540614
0.843906474535
0.842513171077
0.844559585414
0.842339008147
0.840989245509
0.842251926724
0.844516044788
0.844037096673
0.843906474393
0.841119867683
0.845561022323
0.844690207653
0.840379675173
0.848042844086
0.84199068227
0.844820829975
0.843645230118
0.845909348076
0.850045717738
0.844516044747
0.842513171118
0.843775852357
0.845909348242
0.846780162806
0.843950015167
0.845735185271
0.849305525407
0.845996429647
0.847084948016
0.842208385992
0.84569164458
0.848608873523
0.848042844169
0.845169155673
0.847607436744
0.84451604483
0.846954325902
0.848870117899
0.846736622115
0.847346192285
0.847215570005
0.848434710594
0.847215570254
0.847302651641
0.849828014053
0.849436147545
0.84525623722
0.848826577227
0.847955762704
0.849740932528
0.848391169843
0.851047154642
0.846997866533
0.850960073154
0.845648103889
0.852658161638
0.847738058835
0.848173466343
0.851656724853
0.849958636333
0.850045717816
0.848434710719
0.848783036435
0.849392606789
0.849610310391
0.849697391897
0.849087821621
0.850219880602
0.852048591343
0.850481125139
0.853616057708
0.852614620859
0.852832324692
0.8481734662
0.852048591462
0.84978447332
0.852701702328
0.855139983442
0.8525275395
0.850089258387
0.853572517035
0.850872991611
0.85326773201
0.852135672969
0.854748116809
0.855880175993
0.854661035284
0.854791657559
0.853746680107
0.851830887783
0.852092132135
0.850742369432
0.852614621006
0.859973004834
0.854225627878
0.852745243222
0.854312709485
0.853877302097
0.853137109771
0.854748116702
0.855575390783
0.854486872516
0.856707449705
0.850219880621
0.854356250236
0.855009361304
0.857447642191
0.855575390765
0.857883049479
0.857012234933
0.858144293956
0.857621805168
0.853920842871
0.858318456802
0.853659598477
0.852658161757
0.858536160542
0.856794531248
0.859450515903
0.856925153367
0.85975530097
0.858971567865
0.856446205389
0.858710323476
0.858013671837
0.861105063792
0.858187834683
0.861322767371
0.858492619851
