1.93325843995
1.85156082379
1.83082989863
1.82122776585
1.81011919312
1.80585770385
1.80252085228
1.79658333679
1.7923383366
1.79021030842
1.78703711509
1.78466985725
1.78229315897
1.77745170193
1.77432266881
1.77120304749
1.76720783218
1.76327562859
1.75567557765
1.74848319492
1.73885361934
1.73327781626
1.72192116603
1.70851507678
1.69854671467
1.68420926148
1.66905688003
1.66201500631
1.65195145732
1.64124976493
1.63872671859
1.62811841335
1.62218393576
1.61397244062
1.60805034756
1.60662469051
1.59678478218
1.59117294021
1.59029401035
1.58851146954
1.57502061905
1.57827850849
1.56839244547
1.56569179036
1.56168832161
1.55688832078
1.55101357016
1.54685163361
1.54674183504
1.53821326829
1.53608917835
1.53383562421
1.53307064471
1.52295383534
1.51587095958
1.51760699125
1.51409520262
1.51248248678
1.50558573741
1.50771099885
1.49788937169
1.49955153262
1.4919293363
1.49510893822
1.4891971734
1.48441343028
1.48032058619
1.47664526641
1.47871343688
1.47416726751
1.4715538197
1.46893975664
1.46204921046
1.46383227966
1.45860915427
1.45217500954
1.45230522966
1.44741918163
1.45285253573
1.44282781579
1.44388203951
1.43666847751
1.43660350437
1.43641187781
1.43138008441
1.42911624548
1.42483379924
1.42920026852
1.42127525919
1.42711079219
1.41980060228
1.41726162813
1.40971896766
1.40600872679
1.40800139016
1.40373473887
1.40309083132
1.40257562758
1.40018013122
1.39974487698
1.39505073577
1.39208563399
1.38748332351
1.38558641203
1.38782782344
1.38039680578
1.38201174906
1.37805355658
1.37780331457
1.38120859055
1.37802540852
1.37503391093
1.3705077679
1.36342708441
1.366255397
1.36603449649
1.3613765081
1.36408871006
1.35821429059
1.35322691889
1.3555242414
1.35191171429
1.35253778974
1.35226092236
1.33949881025
1.34614350715
1.34299804744
1.33908629016
1.34020375868
1.34114438305
1.33545244326
1.3331622158
1.33052752767
1.32495423279
1.32945462161
1.32564517851
1.32891387292
1.32406796356
1.32384814573
1.31747838245
1.31883027701
1.3138920789
1.31402010527
1.31230564443
1.31345972513
1.30983250155
1.31149709799
1.30696622471
1.30470293718
1.29638517194
1.30717876055
1.29943646101
1.3044553492
1.299176388
1.29476838202
1.30075669962
1.2970253844
1.29643403623
1.29644719398
1.29031542196
1.28501895752
1.28605412421
1.28211729507
1.28132466789
1.27863571565
1.28337777484
1.28272231958
1.27632465895
1.27805709806
1.2743409945
1.27982139694
1.27358418386
1.27524232009
1.26672274602
1.26813647929
1.26448164505
1.26930375035
1.27039645766
1.26373269184
1.25962938828
1.26204828855
1.26085597833
1.26394385103
1.26047147127
1.26022143606
1.25810363916
1.25199137282
1.25128537896
1.25040746385
1.25203188461
1.24897646691
1.24534826009
1.24895131723
1.24340419738
1.2451439735
1.24280733697
1.24073960773
1.23762036022
1.2435223949
1.23969173507
1.23670169788
1.24103746903
1.23845963507
1.2358281774
1.23216715746
1.23981699304
1.23091290035
1.23113230992
1.23106820451
1.23426247515
1.2219676012
1.22681227752
1.22690900166
1.22282792155
1.21963340407
1.21789257811
1.21874172331
1.21724771587
1.22326564219
1.21201065153
1.21786983737
1.21273413597
1.21194933263
1.21253143278
1.21641040224
1.21334349101
1.20818295453
1.21553162528
1.20799832455
1.21050847479
1.20882213701
1.20862524528
1.2037377214
1.20715013913
1.20331585922
1.20289005199
1.20123485914
1.20024193159
1.1998318672
1.20162225835
1.19766125207
1.19659837864
1.19085677112
1.18809344235
1.19256315788
1.19140849885
1.1880997693
1.1935009845
1.19385200059
1.18601407107
1.18663636931
1.18603763886
1.18428598182
1.18388574698
1.17843843
1.18519941378
1.18188299462
1.17894388992
1.18095624901
1.17941575881
1.18049391428
1.17432454978
1.17513943381
1.17555390404
1.17175365376
1.17326321552
1.16924875038
1.17253289305
1.17162462816
1.16931690112
1.167780208
1.16757508145
1.16790517648
1.16350801664
1.16704738767
1.16510198427
1.16006589581
1.16207802595
1.16207300394
1.15992827747
1.15617740184
1.15710710515
1.15955929018
1.15835843694
1.15520036052
1.159383321
1.14794507237
1.1555463177
1.14981056918
1.15622915196
1.1470003469
1.14715551321
1.14501217588
1.1485528757
1.15111873906
1.14911141727
1.14200963541
1.14642417742
1.14739825245
1.14040519022
1.14785748589
1.14309286338
1.1476581393
1.13872182712
1.13906720933
1.13810877546
1.13324697869
1.13425729708
1.13914244314
1.13669913385
1.13788202801
1.13166877442
1.13163478914
1.1262536967
1.13596702097
1.1334026123
1.12725671409
1.12837941306
1.12473931924
1.12295410773
1.12918701289
1.12254319803
1.12608037165
1.12395568545
1.11999836326
1.11369709423
1.12180936313
1.12439502974
1.11994584576
1.11535307661
1.11768315025
1.11803371839
1.11686220927
1.11457824162
1.11720778505
1.11327654071
1.10938760219
1.11585572842
1.11083527223
1.11430970635
1.11223141685
1.10788009656
1.11451072217
1.10625575417
1.11170242483
1.10554074325
1.10339903158
1.11117752526
1.10610560691
1.10090787907
1.10063546643
1.10374559844
1.10893013871
1.10829668713
1.10150388771
1.10152504722
1.10460101807
1.09552380499
1.10048486276
1.09249064846
1.09231931744
1.09739574109
1.10216143634
1.09518310398
1.09035298876
1.09571548658
1.09212560192
1.09028573499
1.08944263031
1.09013708486
1.09177902124
1.08626769516
1.08759970448
1.09409691339
1.08364585954
1.08534424261
1.08600962181
1.08877304712
1.08544604272
1.08029949809
1.07903604388
1.08006325351
1.07392282372
1.07832182888
1.07907367545
1.08833176626
1.0738748868
1.0728267676
1.07620554232
1.08178567112
1.07616111586
1.07519560756
1.06979173875
1.07201445674
1.07016942447
1.06935681107
1.07039869872
1.07190231969
1.06496459518
1.06777963476
1.06611850429
1.07152881996
1.05893029569
1.07344672334
1.06841077911
1.06641052511
1.06221539731
1.05713987705
1.06364414825
1.06339032223
1.05917101701
1.0567650728
1.05200515965
1.06196392729
1.05702551053
1.0516296074
1.0538522997
1.05629773865
1.05987481654
1.0521344959
1.05631426746
1.0593097151
1.04926861597
1.0561439835
1.04731175498
1.04986265747
1.04756443987
1.05600893279
1.04322824162
1.05497307365
1.04287411416
1.04382788992
1.04122069256
1.03689591257
1.04494419837
1.04595938595
1.0442093486
1.03564703254
1.04096477196
1.04505037613
1.03774303644
1.03904008118
1.03961159322
1.03500961737
1.03382294013
1.03704456966
1.03688418813
1.03631615315
1.03796988456
1.03108821747
1.03345279376
1.03681326942
1.03271901382
1.03303872174
1.03146219506
1.03025093617
1.03218631742
1.03030838275
1.02770521674
1.02791115909
1.02919646107
1.03013038797
1.02075287233
1.0228347421
1.02325182837
1.02527523834
1.02603987298
1.02222340751
1.02168212119
1.02749105698
1.02066224156
1.0235252443
1.01899287718
1.01888123743
1.01997581692
1.01666491413
1.01901858697
1.0144201448
1.0158270438
1.01638988614
1.01652452713
1.01622587512
1.01602910573
1.01516096449
1.00464178647
1.01097778449
1.01123968821
1.00763914265
1.01256051701
1.0140861756
1.00988606559
1.00550619027
1.01072901702
1.01150874823
1.01270282003
1.00924823991
1.00358719434
1.00564149637
1.00669926671
0.998815881125
1.00303549302
1.00604555295
1.00702304468
1.00276389028
1.00888919584
0.999775956002
1.00069889833
0.994223560066
0.999724485558
0.998706322369
0.995323869724
0.990648732279
0.999351771296
0.996181348497
0.996431166924
0.990953290629
0.990934023933
0.992451588086
0.993457753429
0.99276073739
0.985735389816
0.994327691501
0.992800101907
0.990264012569
0.990525614462
0.98514875069
0.981923199963
0.985866670379
0.990638910258
0.985817804977
0.985427304606
0.984039314317
0.985741137285
0.981500906653
0.983441727876
0.983056769838
0.980981824727
0.983326448169
0.986808459563
0.98367765376
0.980774318746
0.979064634105
0.976645286074
0.977255352587
0.979031929345
0.976451759584
0.973372362638
0.972770533517
0.977418482618
0.974806146576
0.976695815838
0.967820333937
0.971781526791
0.97370052428
0.967046175741
0.974401204189
0.966647381277
0.969996719749
0.973733478223
0.966443376072
0.968017726108
0.966599942107
0.965545538082
0.962033767852
0.966259912303
0.965825787898
0.957504635804
0.961990503665
0.95970204019
0.964941678929
0.955681792922
0.9649570596
0.965185788665
0.964004029731
0.958430733768
0.959885748739
0.958348108074
0.959332573176
0.954578680472
0.955340129355
0.950984410272
0.950111176019
0.949729364594
0.952485645654
0.953442195983
0.956352661726
0.9558997385
0.952609204003
0.949169905355
0.952495067475
0.941297102557
0.953215353951
0.947462037847
0.946138130755
0.946455916455
0.944317811106
0.945695320964
0.939635195722
0.944556191842
0.942867328424
0.940075747609
0.943710220287
0.941853403152
0.939866414498
0.941921080992
0.936129273315
0.942106510507
0.938669811627
0.936304636471
0.936110096643
0.940805689223
0.939206728604
0.930683296192
0.93557960523
0.939283351253
0.932271885572
0.930714484985
0.928486275433
0.935183322907
0.932028688567
0.931795231035
0.935543017648
0.929353327207
0.935222791233
0.92535051667
0.923853457475
0.926893220018
0.929705960452
0.927618775974
0.926260430282
0.921782716877
0.928390011497
0.924374475962
0.923975078766
0.925623457568
0.918128147623
0.922503110648
0.918960286953
0.916837898636
0.915775873521
0.918737392569
0.915957324142
0.913642300192
0.918441523864
0.920527859995
0.912387573273
0.921372944817
0.919206095325
0.915575935895
0.910924122933
0.914378525
0.913232486197
0.913159991326
0.907433223051
0.922864030649
0.909160719826
0.90809087973
0.905791736705
0.905501097221
0.908261373507
0.910431627933
0.908048718601
0.908294175485
0.897235284525
0.907351553539
0.903248082013
0.902594284924
0.907342151978
0.906150964034
0.898970441699
0.898496590242
0.90125176089
0.902157031971
0.909647356116
0.89898906781
0.899317371112
0.896451201445
0.893487379741
0.907196820371
0.888694983093
0.897122389538
0.892535863758
0.89722663412
0.899079871052
0.897291980731
0.895839738901
0.885938922135
0.887986100597
0.886395991822
0.891272917564
0.889103590936
0.886239492743
0.879331620059
0.893170127506
0.885808480216
0.89582258512
0.881598882449
0.888313978473
0.892841078675
0.885088340144
0.888639592375
0.884639957945
0.882265947259
0.88167225277
0.884603826768
0.88754545667
0.880485379367
0.881304496726
0.885799445668
0.880538836787
0.881540150705
0.881611585783
0.880852085191
0.875745207057
0.88185535147
0.881450476881
0.877885698021
0.87230573668
0.875967653629
0.866709659373
0.876414944865
0.865407252445
0.870221444297
0.872420304694
0.86698311613
0.872059233246
0.874859485923
0.872675633848
0.871478323115
0.87086314598
0.869492610014
0.859870152666
0.872776642048
0.870945509836
0.880139017394
0.863225040928
0.866287957611
0.866466559007
0.866310569611
0.865623110688
0.862289962142
0.861575983502
0.861530679049
0.864449833756
0.855753492389
0.865982283536
0.854334837191
0.858592248936
0.851192111677
0.852466710148
0.856104744749
0.856397555381
0.851464080562
0.849557108565
0.850177251639
0.848968190308
0.85568522617
0.858517718807
0.857181817762
0.849778953407
0.849866711487
0.856024229039
0.852513383624
0.848819140214
0.849226448483
0.853382637194
0.844537953784
0.849245462398
0.848793545815
0.855326005103
0.837543102681
0.846499803327
0.847599796509
0.840851834318
0.845243578265
0.850329588628
0.851156722958
0.843188001123
0.841315702796
0.847545294559
0.837750304642
0.836712273016
0.836255483695
0.844563387286
0.840620910386
0.840009943682
0.839794503914
0.834329637906
0.838006486521
0.835163764263
0.840330800483
0.837461694999
0.832590777676
0.831362205694
0.829046908456
0.832907439796
0.828844196503
0.82416016104
0.827461333374
0.82806439956
0.827560834804
0.830092314513
0.82900349039
0.829352777275
0.825770300957
0.82846539623
0.831801854661
0.82132968567
0.822842384914
0.823627616229
0.823237841881
0.822668745876
0.822333612263
0.818792468728
0.820929423808
0.816823660354
0.819912613453
0.818253222042
0.821447200176
0.824562123408
0.811870882294
0.814338057863
0.815315787994
0.816199255611
0.815612501836
0.811637141331
0.828298142459
0.815415065881
0.806490047582
0.813581806795
0.803961012873
0.809989597674
0.81942619578
0.813009931244
0.811513029658
0.81252431296
0.817732533388
0.812985987918
0.810540034031
0.803729865804
0.810593100295
0.801308200772
0.808064020173
0.808374894843
0.797795330128
0.805580945062
0.797554462944
0.807262555258
0.804294377468
0.805643873189
0.795732360528
0.803528037195
0.802581973514
0.800143072668
0.798478871855
0.797064067534
0.796678844392
0.792292435194
0.791084021217
0.790496643805
0.796525355972
0.796088305188
0.798240314592
0.788768386677
0.79636746469
0.79982583247
0.794887370697
0.791896541478
0.788133848407
0.790456589118
0.796382973903
0.792424879554
0.788287727381
0.787776770969
0.787857149736
0.786114275567
0.785889458894
0.783465632871
0.788629408499
0.787065333715
0.791448336866
0.784180563182
0.790030085566
0.778178094245
0.789404479943
0.784182547096
0.778016120596
0.789529764489
0.782690250132
0.773136286662
0.782885671949
0.785879702991
0.779789356627
0.782367616789
0.783390795063
0.7749623719
0.782502260197
0.777177476398
0.77077932435
0.774158369235
0.776773004599
0.779404846233
0.772824512904
0.774852906321
0.778676755919
0.775208432481
0.769190341827
0.774435659214
0.770808590555
0.763128919443
0.771117966026
0.777916022183
0.770241255873
0.773487889881
0.766565045674
0.771764889573
0.760081885859
0.772294740268
0.77048648965
0.765677880627
0.766528832999
0.762270239434
0.767796481084
0.762600879224
0.765102256287
0.759521597693
0.764497700872
0.757462301283
0.761828547463
0.75550259995
0.762673710933
0.759217685091
0.753517028724
0.755632294812
0.757806485835
0.758415452009
0.752552965754
0.751710272678
0.765216982551
0.756590702695
0.754692019156
0.759828826029
0.75730278389
0.755273808565
0.756116822402
0.747536477009
0.748758824072
0.750263202407
0.755022742313
0.748069978066
0.745390985042
0.751646646273
0.747018004344
0.753411147344
0.741998845081
0.73630731504
0.748032143305
0.744348481669
0.739127954378
0.747041129643
0.742006036352
0.741749080891
0.742225896411
0.739225267593
0.744597064528
0.743807181606
0.737321580863
0.73551342581
0.739277047301
0.730115961887
0.744059592969
0.739675613426
0.744545470575
0.738538503089
0.739624860129
0.736131020062
0.731709700808
0.740086639431
0.733021034338
0.738183633921
0.730567912231
0.728686981868
0.737421789167
0.726365932677
0.724475498969
0.734892809039
0.738126811487
0.734274117248
0.727995208409
0.738527670843
0.732289963872
0.722203881567
0.726172040563
0.732108882924
0.726592907795
0.720785196093
0.72835069934
0.72243130369
0.719392144032
0.725491237141
0.7187106957
0.723100079319
0.723109756701
0.722260637293
0.724404390879
0.725964432644
0.718333524204
0.715393291989
0.73036252271
0.715243339481
0.725400880556
0.710123884182
0.719401098738
0.714743224648
0.717054355034
0.716814096689
0.715554551812
0.722100312264
0.714568959996
0.711074174922
0.711613811962
0.71146486141
0.717230334495
0.71125306132
0.70985542111
0.712937068549
0.711317321839
0.711534812588
0.709290243043
0.703979101278
0.707605260013
0.710664501846
0.699357645946
0.711377810904
0.710918997815
0.713323134687
0.709398935184
0.706474469412
0.706269217159
0.708735316539
0.702256517624
0.69902370228
0.709680022955
0.698215048932
0.69510643175
0.698031458685
0.704925859977
0.702058790375
0.701580322489
0.700534314861
0.707774873562
0.698377511003
0.69701380571
0.691132186971
0.69448692934
0.690174853116
0.700632450697
0.687366465581
0.696627934497
0.689005133293
0.691569199829
0.690348690972
0.684458741403
0.703269336933
0.68944581593
0.690187502132
0.688859420052
0.696382092886
0.683032564224
0.687672606386
0.686924219998
0.687834364981
0.684804702535
0.688019968898
0.686762923201
0.681734268729
0.682232529331
0.681549494593
0.691645402175
0.688266132058
0.679378865945
0.681471331044
0.68014167836
0.675062913123
0.675771986062
0.680025831073
0.68013237985
0.677008876664
0.674163571408
0.679172869272
0.681490889293
0.671143356144
0.680007573543
0.678984646918
0.681289728021
0.676381595078
0.684754362523
0.685865627142
0.668633327033
0.673641107451
0.675160168164
0.684722959507
0.676683241722
0.669658048183
0.671890913693
0.663925087483
0.667867114979
0.672519115062
0.666335272004
0.67363050331
0.672500095031
0.659064841121
0.671459025088
0.66256535068
0.660064681933
0.660828967249
0.658780072897
0.665369087068
0.66598950424
0.663788261632
0.665960979658
0.659656578063
0.6700190435
0.665111973937
0.657599861213
0.661726953172
0.665924015601
0.661432200166
0.666270080122
0.663833582895
0.658780119886
0.656309577115
0.661716891569
0.658041143628
0.657435439198
0.663344382604
0.662249931815
0.651129590822
0.6531340856
0.653376781227
0.653375107532
0.650201541829
0.657874708074
0.647438293888
0.653577818385
0.65297298097
0.649702543352
0.648137356722
0.647215245953
0.652365922222
0.64179713523
0.640158597841
0.650231981706
0.653446179888
0.653015265113
0.643390798997
0.654232437225
0.644003982784
0.652204646529
0.651666561876
0.652617963321
0.6398383949
0.645401435257
0.636143125546
0.635918151965
0.645384560745
0.638232722038
0.64286587974
0.641967194361
0.630756225592
0.64572633947
0.644757367366
0.63420705832
0.633869878753
0.638623152447
0.640260853407
0.640347879053
0.62508303525
0.632469692887
0.627941350393
0.637840113019
0.642380862858
0.63643110795
0.635625566937
0.634144923707
0.635746919933
0.638799473649
0.625793211356
0.627395830577
0.625568021204
0.631599994884
0.636357126002
0.627133991465
0.625222410109
0.63070156451
0.626293318373
0.625432362234
0.621460379976
0.634670188784
0.6230209615
0.619278525203
0.626563927232
0.632242475364
0.628198517152
0.62456571646
0.623320847912
0.629239233999
0.614495110516
0.627698734364
0.628361160133
0.617606825156
0.617057163613
0.617333910141
0.614447963774
0.618261123389
0.615205882765
0.620557696264
0.613851295763
0.614390621765
0.61780016835
0.61109240738
0.61069923645
0.617991599545
0.61877327723
0.613527920925
0.613141338551
0.610228500695
0.61473959966
0.608916130669
0.613326851117
0.60066739901
0.612708228187
0.599123115648
0.611417123169
0.61193565288
0.604973912624
0.613788003476
0.598369133214
0.605789438905
0.607846328149
0.601346010553
0.610621414241
0.601072704882
0.613811298132
0.600483024585
0.61045298847
0.601634734536
0.598490022947
0.602767998234
0.603291441153
0.60505965069
0.60142504762
0.610407895255
0.608786704808
0.606418912524
0.606012975686
0.603769196703
0.60655837341
0.597577439881
0.59549137491
0.593947214587
0.597299798929
0.596040554789
0.597132358669
0.599497422072
0.595724851216
0.587448399649
0.589371117514
0.599498464825
0.595392619086
0.593758966389
0.593524703848
0.585206101357
0.59028707898
0.591642397426
0.595446784825
0.592742001343
0.588803066647
0.584546263925
0.581966883477
0.59104313491
0.588426891323
0.580283857834
0.587748303003
0.589829286389
0.580797050799
0.581275568933
0.587397828642
0.583318088943
0.579266588173
0.592640164914
0.582467018159
0.581812629272
0.578125521101
0.589933546576
0.587221105456
0.573861568163
0.576365521293
0.57602074941
0.5821972901
0.583833503979
0.573796079748
0.576336270382
0.579957260161
0.585780739151
0.576449496727
0.579325880282
0.571798002491
0.573486803932
0.577530033661
0.568506308816
0.569458269209
0.568193316252
0.56956497369
0.573274686643
0.570609933868
0.565707777552
0.568619425993
0.568322247153
0.577551602861
0.566659689588
0.57038408958
0.569624940156
0.563924074427
0.562931440089
0.567225786167
0.568440940797
0.568924316528
0.567375496168
0.572194477707
0.568417478836
0.568476774157
0.574180347125
0.563766867879
0.565447372777
0.562823327411
0.54990564311
0.560575034426
0.56673119155
0.570163147986
0.563459023199
0.565756578408
0.556500229759
0.558530993918
0.562162621413
0.564844941319
0.568985132844
0.562036303368
0.556927581603
0.554866564029
0.559092287227
0.555092284114
0.55723315481
0.555252958095
0.559015878088
0.552190614527
0.557998530974
0.552916779622
0.54936596624
0.557347504765
0.548082431067
0.5479476382
0.547524125312
0.546683603815
0.555560945477
0.558861745469
0.552848164417
0.54705292649
0.545388089161
0.54970313478
0.548376062617
0.549724307537
0.548281442942
0.548168238196
0.551176744567
0.544061057264
0.550193884248
0.544030778664
0.539414892353
0.545534230513
0.540538110572
0.538619438521
0.542439934069
0.55016312462
0.542635691575
0.532925435854
0.542297916903
0.545019318839
0.537719200691
0.545694733963
0.538904949733
0.535125866245
0.541917023149
0.537345457851
0.533856474941
0.52871591637
0.533469921414
0.540304054894
0.534192536268
0.535361958605
0.53752063318
0.540495192039
0.545592546608
0.531816275164
0.52603989893
0.538942259797
0.530526602897
0.531835063533
0.534976255099
0.534071731428
0.535028148132
0.538594778454
0.527601280197
0.532082046008
0.530507315304
0.53281559517
0.526042296502
0.531892101361
0.52216554015
0.518941054008
0.525899910577
0.532543486566
0.52278830497
0.516526358235
0.519225638503
0.519550391416
0.516336025528
0.531870780883
0.52427284645
0.525906106495
0.522841129556
0.525356243625
0.522309538724
0.523602275245
0.52053026892
0.527611029567
0.517052325734
0.516065657974
0.52792916112
0.517495714703
0.517810722354
0.512082754709
0.519907941069
0.521679806347
0.516872815733
0.515164608066
0.510103642598
0.511548031515
0.513575624368
0.516222601831
0.517736709917
0.509686810329
0.519071182031
0.512484552578
0.516894609085
0.50571347745
0.505918435046
0.50772996788
0.515469473782
0.511399932654
0.51472090437
0.5067274175
0.506802690345
0.512523251779
0.504040700405
0.507591208936
0.511150097408
0.505824731293
0.505065422337
0.502041881556
0.514090721945
0.500862978088
0.507409982759
0.505354033883
0.503494495285
0.501091642021
0.493453959818
0.510029622886
0.508773835949
0.501757352297
0.498202986735
0.49492866785
0.496816131853
0.503272238122
0.500733430579
0.505111788403
0.505620601409
0.496886081431
0.502868073452
0.493473926523
0.491754494022
0.501585279439
0.497302804711
0.495043645254
0.494068701284
0.495207145519
0.491888991637
0.492775693555
0.493079795645
0.48724369824
0.50137468509
0.494244928284
0.489164773472
0.494800787449
0.496920295131
0.481855019534
0.485238651853
0.49387265998
0.494886703171
0.492001985566
0.486382732364
0.495464387185
0.494463472484
0.49051136363
0.487008545532
0.492382812245
0.491877182357
0.487382316045
0.489020866335
0.482269952402
0.4906152262
0.488799604395
0.4845984766
0.484217748922
0.484590883191
0.484514439344
0.478566030541
0.47697074925
0.482252500742
0.488210741393
0.484227517129
0.489221930159
0.487622980352
0.478564053298
0.483217829869
0.477347650876
0.486686901587
0.481307498005
0.483496276111
0.469498910562
0.477318741437
0.47867868782
0.474766959424
0.48209599516
0.478968564191
0.48914592034
0.478589460113
0.476149948918
0.470965499009
0.470964564986
0.478384860566
0.477906492599
0.468469182041
0.476084208777
0.474559358512
0.469148506681
0.463276149781
0.469040082526
0.466581810782
0.467416800106
0.464488250871
0.475526132328
0.475312421836
0.472093050245
0.466310616607
0.469188222938
0.470333263554
0.468961979415
0.469527001331
0.47300774645
0.476394588818
0.462203443951
0.454683843873
0.467813524231
0.468041136462
0.472277090882
0.464263418143
0.465911407015
0.476821690519
0.462896779095
0.4704721806
0.458283301371
0.458992676665
0.463547211424
0.451836475867
0.46255904958
0.460274069662
0.459307738004
0.456234858837
0.46481616261
0.461856738678
0.461099995623
0.46159033388
0.45730357566
0.465902971825
0.451803175581
0.455254686329
0.456732033886
0.457027336086
0.448434217558
0.459320470708
0.45340730571
0.451888737901
0.449005789579
0.469527461672
0.456993015553
0.450809059012
0.450883257927
0.456979287969
0.447764079863
0.456657153109
0.455722437569
0.454634132378
0.454275803286
0.456082166176
0.456322685723
0.444067655826
0.454547488161
0.445971644028
0.4536313365
0.447775640073
0.446560327872
0.446043850417
0.452008364221
0.451898547667
0.448035735068
0.449266725347
0.453684424253
0.443603202307
0.451493563665
0.437557086479
0.44228490151
0.440804909688
0.443420111245
0.44844286537
0.449265001504
0.444775838861
0.436718805774
0.440888530751
0.44360680864
0.437400711207
0.437881093349
0.440323696228
0.437771918572
0.441934897827
0.4372668382
0.436351213359
0.431820398238
0.43920337219
0.44126341042
0.427456335877
0.432660713004
0.428873282067
0.433318331963
0.440664800517
0.438143744378
0.437750053
0.441366229578
0.436612957209
0.430385235115
0.446276526016
0.443325369809
0.427963279134
0.43857258067
0.428294977587
0.4381845772
0.432492246233
0.427255022001
0.439944073853
0.422337448459
0.425260461983
0.429019755673
0.435274971966
0.431992723772
0.429125595983
0.431621885639
0.436259299
0.426736880211
0.425595769063
0.432125455516
0.435275920296
0.422283174393
0.427749754066
0.432941325138
0.416692974695
0.431361754347
0.429590181507
0.427331938205
0.424680776305
0.419088786813
0.425365289362
0.43483770359
0.426481185023
0.42375349172
0.420337935796
0.432869653555
0.42306051413
0.420088360129
0.422261191213
0.420998639931
0.43892094615
0.421391660545
0.417255941705
0.416999797878
0.425535112818
0.42405036256
0.423115615493
0.416997144768
0.413730824277
0.426724484231
0.419991542655
0.419957511799
0.418191154084
0.418319842527
0.416791670569
0.418127499844
0.41383745473
0.424414424496
0.416907408705
0.413824615722
0.413285737168
0.412460860702
0.413737874603
0.421204706688
0.413841243148
0.423844582534
0.407563684147
0.414503814402
0.413366026794
0.414839090513
0.411039596306
0.412434639776
0.41616279624
0.4169761014
0.413547665528
0.414201875747
0.412102790127
0.406930178073
0.409280298973
0.406459034359
0.413718116542
0.402694738955
0.406951331155
0.405728748607
0.41098831319
0.405396392686
0.410178547712
0.402666737838
0.401327187374
0.40392534141
0.404651724366
0.402614568747
0.409520919469
0.407988821435
0.405296343606
0.403436800289
0.400821755631
0.403982014052
0.402180704695
0.400078136558
0.402559388596
0.404048398875
0.404210566997
0.403634301178
0.391911340611
0.401660120379
0.404370659592
0.402488071243
0.393783275945
0.399003083353
0.408928184075
0.397767788863
0.400435728938
0.400356445867
0.405530807893
0.399564411363
0.403089000535
0.398169860882
0.396736499928
0.389934601411
0.393936183703
0.396441102428
0.391962724895
0.400738977521
0.393683807302
0.398530601853
0.407599348258
0.390788365343
0.395338023075
0.38998611467
0.392422760333
0.392428755358
0.389034659289
0.388032911054
0.388863800246
0.392109530053
0.384389463497
0.389475200812
0.390336131377
0.392168097482
